12184515361151359788410121501715318135693977684737
42541131013769129314155341210361117127958091151158
41125639593734395111901376906171212611513597810391
53115135901778691051376973931851704781112127621247
94565183181501706707106910310517341677173730478137
69373047861751047712137693461808417684137691201870
75390173678121809781652572115973115119375373091652
57211513769939137697019113407343137696707106910700
91376906171261151359789511137693412931778113763191
87097617073518121276361839284945901684137691151145
40618777217043143181751504795973114306171261151359
78121834762121709017676175409771376911393258445137
71050968456902312151013769869312757016015129137691
23412406954709153117073597810518256676236518129731
170199511312452315869121013236177709